-y-x		000		1
((4 29 4 4 5) (29 4 29 29 5) (4 4 29 29 5) (4 29 7 23 5) (4 29 0 23 5) (29 14 
32 8 5) (29 14 25 8 5) (19 9 22 4 5) (22 9 19 4 5) (14 4 15 7 5) (17 4 14 9 5) 
(12 7 14 7 5) (17 7 19 7 5))


-yx			001		2
((29 29 29 4 1) (4 4 4 29 1) (29 4 4 29 1) (29 29 25 23 1) (29 29 32 23 1) (4 
14 0 8 1) (4 14 7 8 1) (16 9 19 4 1) (19 9 16 4 1) (11 4 12 7 1) (14 4 11 9 1) 
(9 7 11 7 1))


y-x			010		3
((4 4 4 29 5) (29 29 29 4 5) (4 29 29 4 5) (4 4 7 9 5) (4 4 0 9 5) (29 18 32 24 
5) (29 18 25 24 5) (19 22 22 27 5) (22 22 19 27 5) (12 22 14 25 5) (16 22 12 27 
5) (16 25 18 25 5))

yx			011		4
((29 4 29 29 5) (4 29 4 4 5) (29 29 4 4 5) (29 4 25 9 5) (29 4 32 9 5) (4 18 0 
24 5) (4 18 7 24 5) (17 22 20 27 5) (20 22 17 27 5) (12 22 14 25 5) (16 22 12 
27 5))


   
-x-y		100		5
((23 12 25 12 250) (16 12 18 12 250) (28 9 25 14 250) (25 9 26 12 250) (22 9 19 
14 250) (19 9 22 14 250) (18 4 24 7 250) (4 29 9 32 250) (4 29 9 25 250) (29 29 
4 4 250) (29 4 4 4 250) (4 29 29 29 250) (18 4 24 0 250))

-xy			101		6
((16 21 18 21 250) (27 18 24 23 250) (24 18 25 21 250) (22 18 19 23 250) (19 18 
22 23 250) (18 29 24 25 250) (18 29 24 32 250) (4 4 9 0 250) (4 4 9 7 250) (29 
4 4 29 250) (29 29 4 29 250) (4 4 29 4 250))

xy			110		7
((15 18 12 23 250) (12 18 13 21 250) (10 18 7 23 250) (7 18 10 23 250) (14 29 8 
25 250) (14 29 8 32 250) (29 4 23 0 250) (29 4 23 7 250) (4 4 29 29 250) (4 29 
29 29 250) (29 4 4 4 250))

x-y			111		8
((29 29 4 29 1) (4 4 29 4 1) (4 29 29 4 1) (29 29 23 25 1) (29 29 23 32 1) (14 
4 8 0 1) (14 4 8 7 1) (7 14 10 9 1) (10 14 7 9 1) (13 9 14 11 1) (16 9 13 14 1) 
(11 11 13 11 1))
